8 8 5 7 :47:15 9 20 3
4 2 10 10 2 6 10 :96:20 20 4 5 16 16 15
3 7 5 3 1 :69:18 13 12 13 13
6 6 9 1 9 4 2 :84:11 13 12 19 7 10 12
6 2 5 1 5 3 4 4 2 :123:12 17 12 13 4 13 19 20 13
7 10 9 10 10 6 6 9 1 5 :96:4 10 2 18 16 2 2 7 19 16
7 2 4 10 5 :50:18 6 8 5 13
1 6 5 6 1 6 8 1 9 9 :105:4 14 9 1 16 16 6 18 7 14
10 4 3 3 3 4 1 :72:7 5 16 16 1 13 14
8 4 2 10 1 10 :61:18 2 7 18 13 3
7 6 10 10 9 4 6 3 :61:10 17 10 5 1 2 6 10
1 5 8 5 7 2 4 3 :82:19 10 3 5 16 15 7 7
3 6 2 1 4 5 7 9 3 :117:12 15 13 20 7 20 8 10 12
1 3 2 :34:9 10 15
3 4 9 9 9 :61:4 12 14 18 13
3 6 8 10 4 :63:18 6 20 17 2
6 4 10 4 9 3 7 5 1 :80:12 1 8 6 16 8 9 4 16
3 9 7 9 4 6 4 2 2 5 :70:4 14 1 9 6 4 10 12 6 4
5 3 7 10 9 1 2 6 1 9 :87:6 9 5 19 14 12 1 12 3 6
6 7 1 6 9 :45:20 8 5 11 1
7 7 9 7 2 8 :93:15 15 17 16 11 19
5 6 9 7 9 1 1 2 8 4 :102:6 18 10 15 13 12 2 3 7 16
7 6 2 9 7 10 1 4 :97:20 11 16 14 13 15 5 3
5 1 4 5 2 4 5 5 8 :99:5 8 15 7 8 17 13 16 10
8 8 10 1 4 5 4 :83:16 9 11 20 1 16 10
4 6 1 9 7 4 :42:9 7 3 5 10 8
5 10 9 3 9 4 10 :98:12 17 14 18 8 15 14
1 8 3 5 :48:18 6 8 16
3 4 8 3 1 5 6 3 8 :87:7 1 13 20 7 8 9 2 20
6 9 5 2 :51:7 7 18 19
6 7 3 7 6 9 5 :39:2 2 6 7 5 3 14
4 8 2 1 5 3 :73:17 9 12 19 13 3
2 10 10 10 2 2 3 :85:14 16 10 9 14 7 15
8 7 5 3 5 :51:9 19 14 2 7
3 9 7 1 7 9 9 3 :68:5 20 16 8 1 1 11 6
3 8 1 4 7 :44:13 19 1 6 5
4 7 4 8 :40:10 9 17 4
2 5 5 :41:12 15 14
4 10 6 3 8 :53:13 13 15 9 3
6 8 4 8 5 6 5 9 4 :92:16 2 10 12 15 14 5 14 4
3 5 1 9 6 :53:16 10 6 1 20
4 10 2 3 8 7 :67:7 11 4 11 16 18
8 5 3 4 5 :69:20 3 14 16 16
6 8 5 3 :16:5 9 1 1
3 4 1 1 4 6 8 5 :110:14 17 11 13 20 10 16 9
9 4 7 9 3 3 :57:6 8 17 6 2 18
10 5 9 1 2 5 :77:2 20 12 11 12 20
9 9 5 10 8 9 1 4 5 8 :86:10 10 14 4 10 11 8 2 15 2
5 6 5 8 6 2 :47:11 12 10 3 3 8
9 7 1 1 10 :40:19 2 10 4 5
10 2 6 9 9 8 8 10 :84:15 10 20 5 9 2 20 3
7 10 1 8 :39:4 4 15 16
10 1 2 6 3 3 9 7 7 7 :103:19 2 18 12 14 13 11 6 2 6
1 10 10 :40:14 17 9
4 1 5 :47:14 18 15
3 10 10 2 7 3 4 3 2 :73:1 11 10 16 1 2 15 2 15
5 5 5 :30:7 7 16
6 7 10 10 5 10 4 10 2 :82:16 16 11 5 5 4 7 16 2
6 3 1 2 9 9 :59:11 6 6 20 2 14
9 4 10 7 1 10 :85:10 16 15 11 20 13
6 3 4 9 5 4 1 6 7 :95:10 8 15 9 5 12 16 2 18
10 6 3 7 6 8 :40:7 12 4 7 5 5
10 1 4 4 8 9 :59:16 6 10 16 10 1
3 6 8 2 :35:3 12 2 18
8 10 4 :23:13 2 8
2 2 3 8 2 :52:1 18 8 19 6
7 3 4 4 5 10 10 6 8 2 :96:20 2 11 9 3 14 8 20 1 8
10 7 5 1 :26:10 12 2 2
7 9 8 1 7 :56:13 16 3 8 16
7 5 5 8 6 9 9 1 :64:9 3 11 7 5 2 16 11
3 6 7 7 :40:1 18 8 13
8 8 9 2 2 10 6 5 :106:13 12 8 17 20 17 12 7
1 3 8 7 10 8 :80:13 11 16 3 19 18
5 2 4 10 1 4 :57:20 11 6 2 10 8
5 1 2 4 :22:4 7 6 5
3 6 9 9 6 8 3 4 3 8 :134:16 12 18 20 19 3 10 9 12 15
7 10 3 3 3 7 7 :95:18 18 14 4 3 20 18
1 8 9 3 6 10 10 6 3 :109:2 12 12 20 19 6 18 8 12
5 3 10 8 :44:3 15 19 7
7 9 6 10 :42:9 17 5 11
7 2 10 6 8 2 6 10 5 :75:20 1 7 8 1 13 9 2 14
10 5 7 2 6 3 :77:17 6 16 13 14 11
10 7 8 :31:13 10 8
2 4 7 :22:2 14 6
3 8 2 6 6 5 2 7 :76:4 18 7 4 15 8 10 10
8 2 5 9 :45:3 16 7 19
6 1 8 9 7 4 :68:7 17 19 4 16 5
3 7 9 :30:1 17 12
7 2 2 8 4 2 1 :66:10 18 15 2 7 5 9
10 8 5 2 4 8 :90:17 12 20 13 13 15
10 2 5 4 :49:15 15 11 8
4 1 8 8 8 5 6 1 5 :92:14 5 17 10 12 1 4 18 11
4 6 4 6 4 9 3 :52:6 9 11 8 6 4 8
4 3 7 3 10 2 1 :91:9 20 19 19 10 6 8
9 9 10 10 4 2 9 1 :73:13 4 13 11 6 7 6 13
9 6 9 4 6 9 :55:12 5 5 13 9 11
3 5 7 10 2 :45:9 18 6 11 1
4 3 6 2 8 8 :65:5 12 9 20 11 8
1 2 3 2 10 9 6 5 3 2 :110:17 7 7 18 2 16 15 7 3 18
4 5 4 2 :42:6 18 11 7
6 7 4 2 7 5 :54:5 18 10 3 16 2
8 5 8 9 2 5 10 :85:15 16 17 17 14 3 3
9 10 10 1 9 10 7 :52:3 14 3 9 16 2 5
9 5 9 4 8 6 8 2 8 :45:4 13 2 2 8 3 1 2 10
10 3 2 7 :43:14 10 13 6
3 3 9 7 3 7 :66:11 14 19 4 4 14
2 2 2 :24:3 18 3
10 2 2 4 7 1 3 6 4 :82:8 12 10 6 4 14 16 3 9
2 8 4 7 7 8 6 8 7 1 :122:9 13 7 13 13 13 8 18 16 12
10 1 5 4 9 3 7 2 :77:15 6 2 2 19 3 14 16
10 4 5 4 1 8 1 6 5 :91:14 9 20 13 1 4 10 13 7
1 5 6 9 2 6 3 :100:19 17 5 18 15 9 17
5 8 3 3 5 2 8 7 7 3 :123:16 3 18 14 13 18 17 3 12 9
2 10 2 1 6 3 6 4 :64:14 5 7 3 2 2 17 14
4 3 5 3 :45:17 11 9 8
2 9 9 6 :47:13 8 11 15
9 2 5 5 :39:11 14 3 11
1 7 2 7 :37:5 20 4 8
6 9 2 7 :35:4 7 18 6
6 1 10 8 4 4 8 5 4 1 :109:16 20 4 17 3 9 12 16 5 7
8 8 1 :50:16 15 19
8 4 3 6 6 2 8 :51:13 3 14 8 1 2 10
7 4 7 :28:3 11 14
10 6 9 1 6 2 9 :66:9 5 2 11 20 17 2
10 3 3 6 3 5 9 6 7 :87:6 1 4 8 18 6 19 9 16
2 8 9 10 1 9 8 :90:11 15 4 16 16 10 18
9 10 5 8 10 :75:15 9 18 13 20
3 9 4 7 2 :52:5 20 10 14 3
7 10 2 7 :50:15 11 17 7
7 6 3 3 1 7 10 8 2 :111:5 16 13 6 8 10 15 18 20
3 9 5 4 3 8 7 3 1 8 :114:18 1 3 20 20 5 15 9 20 3
3 5 6 6 3 7 9 10 6 :105:16 8 15 12 8 6 8 19 13
6 1 1 :45:13 17 15
6 2 1 2 :25:6 10 5 4
1 7 7 9 4 :57:15 8 10 12 12
7 3 10 9 9 2 2 6 :102:10 17 14 7 19 12 10 13
9 2 10 8 4 10 :71:8 20 20 8 7 8
7 5 5 :43:8 17 18
7 5 4 7 8 9 6 2 :109:6 10 18 18 5 13 19 20
4 3 6 8 5 5 10 :80:4 13 20 10 6 13 14
8 8 9 5 4 :53:11 16 17 4 5
7 1 4 4 8 :67:8 19 18 4 18
9 4 3 10 7 :67:20 6 13 8 20
5 1 10 8 8 6 7 :89:11 19 19 8 15 10 7
9 4 6 :22:3 9 10
6 4 7 5 9 1 2 4 8 :95:20 3 13 18 7 9 2 14 9
10 7 6 10 3 :60:8 5 20 16 11
8 6 9 4 9 8 10 4 :72:16 17 9 1 6 5 2 16
9 6 5 2 7 3 :62:17 12 11 13 4 5
3 10 4 7 :33:1 13 5 14
5 5 3 7 9 3 7 5 10 :87:13 9 16 3 4 15 13 3 11
6 2 3 :30:14 9 7
1 2 1 4 6 9 4 1 :67:6 14 12 4 1 20 7 3
9 1 3 6 4 :37:17 9 2 2 7
2 2 10 2 3 :39:17 2 5 10 5
9 4 2 5 2 5 3 6 :71:4 18 6 19 12 2 9 1
5 2 8 8 5 2 8 9 :58:3 9 4 3 9 13 8 9
10 9 7 6 4 2 4 9 6 :111:2 20 19 7 19 13 9 11 11
8 1 3 6 2 6 3 :70:5 3 9 15 7 12 19
4 2 1 9 :38:5 19 5 9
6 7 1 10 :52:9 14 9 20
1 8 10 3 2 10 :73:7 17 15 6 15 13
1 9 1 4 9 :52:14 10 7 14 7
3 8 1 6 5 2 9 3 7 1 :102:4 10 19 6 6 4 17 1 18 17
9 7 3 3 3 9 7 5 9 :116:15 20 6 13 8 8 15 17 14
9 7 3 3 9 3 8 :41:5 3 3 10 8 11 1
2 1 5 :51:18 19 14
8 4 4 5 :48:4 17 18 9
6 4 8 7 6 9 8 :90:1 19 3 17 18 15 17
1 10 2 10 4 4 5 1 :86:2 19 1 15 9 13 9 18
8 10 6 2 7 3 3 :78:5 11 8 20 20 5 9
3 1 9 2 8 9 6 :65:2 10 4 12 14 3 20
4 10 1 3 6 4 10 7 :87:10 4 14 13 18 12 15 1
7 9 8 3 5 6 3 3 :80:14 12 9 5 1 7 19 13
7 3 6 6 6 5 10 6 :80:2 18 4 17 15 7 5 12
6 4 3 1 1 4 :63:18 8 7 7 16 7
5 1 7 7 6 4 :56:13 1 5 19 7 11
8 7 2 1 8 :41:16 1 8 10 6
6 5 2 10 1 5 7 1 6 6 :132:13 16 20 12 10 10 19 14 4 14
10 3 10 5 1 8 9 8 1 8 :121:17 2 18 15 17 11 8 6 12 15
5 8 4 8 9 7 7 2 :116:9 13 16 16 17 12 17 16
7 1 5 4 7 4 4 6 5 1 :117:7 8 10 20 11 4 9 18 18 12
10 5 5 6 4 2 1 :85:1 13 4 19 18 14 16
7 4 9 2 10 6 3 4 :90:17 19 4 12 9 7 12 10
7 10 2 :25:10 8 7
6 7 2 8 :28:4 9 12 3
2 4 1 6 4 6 2 7 4 :89:6 3 7 4 18 10 3 18 20
8 7 2 7 7 :55:6 18 13 12 6
8 7 1 1 10 9 9 8 2 :114:7 10 18 3 19 19 15 11 12
8 1 7 5 5 7 6 :75:5 16 13 10 8 5 18
5 10 8 5 6 7 :53:12 2 7 10 18 4
9 7 4 3 5 :66:20 12 9 11 14
7 5 5 1 1 7 10 2 2 3 :93:8 10 9 12 6 15 3 2 17 11
8 8 8 1 7 7 :37:3 11 1 1 2 19
6 7 8 6 8 7 8 8 4 :108:5 7 10 18 14 11 9 18 16
2 10 9 5 :40:19 6 2 13
5 5 7 3 4 :58:1 17 20 9 11
9 6 2 10 9 7 :64:2 14 14 9 7 18
6 1 1 9 9 :31:4 3 9 12 3
5 5 9 2 8 9 2 :56:8 1 3 19 4 6 15
7 8 7 2 7 :32:5 1 10 8 8
8 8 1 1 9 :48:11 15 2 13 7
10 2 3 1 3 :69:10 20 13 10 16
10 4 6 :46:19 15 12
3 10 8 7 10 9 :57:6 8 20 7 11 5
1 2 1 3 :39:14 14 5 6
8 1 9 7 7 10 2 9 10 :102:6 19 10 10 19 7 4 7 20
3 3 10 10 5 9 :77:19 10 5 16 16 11
7 5 3 5 4 :59:12 15 11 1 20
8 7 2 2 3 6 4 8 1 :63:1 10 2 16 1 1 14 1 17
5 1 6 4 6 8 :64:12 13 7 11 1 20
2 4 5 2 5 9 5 3 10 8 :100:16 3 12 4 12 11 5 12 19 6
4 1 1 8 8 1 3 10 8 :104:10 9 18 10 14 14 10 11 8
4 9 8 7 8 3 :83:20 10 3 20 18 12
1 2 3 8 6 2 :71:17 11 18 6 17 2
4 1 8 9 8 8 8 :62:17 9 12 3 1 9 11
9 4 7 3 7 9 4 8 :113:18 10 15 14 12 20 13 11
9 10 7 1 9 4 6 :78:17 19 13 12 1 4 12
5 9 6 8 :41:9 13 13 6
2 2 3 2 2 5 4 4 :76:7 6 19 4 10 8 5 17
8 5 3 1 2 2 7 5 1 3 :86:3 14 6 9 10 7 12 10 9 6
6 4 1 1 10 2 6 :92:8 10 20 1 20 18 15
6 9 10 :32:6 18 8
4 6 9 8 :38:4 6 20 8
3 4 2 1 3 3 6 :76:7 12 18 7 20 6 6
8 9 8 6 :39:14 6 4 15
5 5 5 9 8 7 3 7 4 :111:8 11 20 11 8 1 20 13 19
8 2 9 8 1 :36:5 7 10 7 7
7 1 7 7 8 7 4 :52:3 2 15 7 15 3 7
6 9 7 5 8 6 8 7 :97:12 15 14 1 18 11 12 14
6 9 6 :13:3 7 3
10 3 3 6 9 1 9 9 10 1 :92:1 10 9 20 18 2 7 9 15 1
7 6 3 5 3 8 9 5 :93:10 11 13 7 20 1 13 18
4 8 4 7 6 4 2 4 9 1 :102:2 7 15 14 12 14 7 3 13 15
8 3 2 9 3 2 4 9 10 :73:20 8 12 1 8 5 2 12 5
5 8 8 5 3 9 2 :72:6 7 11 12 17 7 12
8 5 9 :31:11 17 3
9 5 8 :28:4 15 9
4 4 5 8 6 2 3 :93:5 15 19 13 17 8 16
1 7 9 9 :44:7 20 2 15
5 10 6 9 9 4 7 :59:9 5 8 8 9 18 2
8 10 2 :48:15 20 13
5 2 8 7 7 1 2 6 5 :113:20 6 3 15 19 10 20 19 1
5 5 8 8 1 4 4 1 2 :106:4 8 14 14 11 7 19 12 17
1 2 4 9 7 9 9 3 :98:20 7 10 12 7 11 13 18
4 3 8 1 7 7 6 3 5 6 :103:7 3 7 18 2 13 2 20 16 15
2 9 3 4 2 7 :57:15 12 1 3 20 6
4 6 1 6 9 7 7 7 5 1 :113:13 10 19 8 17 6 19 4 3 14
7 2 4 3 10 10 3 8 6 :104:13 9 1 20 15 3 15 8 20
4 10 5 :21:9 7 5
5 3 6 9 2 5 6 4 :86:12 16 16 1 8 16 12 5
2 2 9 :28:11 2 15
8 10 10 4 7 6 3 5 :85:8 6 16 20 18 1 12 4
10 8 8 7 1 :59:3 3 18 19 16
3 6 3 9 10 10 5 :86:9 4 15 17 17 15 9
8 9 5 8 9 3 :82:14 20 14 13 16 5
1 6 6 3 7 7 :75:7 9 7 13 19 20
2 5 10 3 9 8 5 9 :63:9 7 6 6 13 17 1 4
4 2 2 4 :40:9 7 17 7
8 4 7 8 1 :56:2 18 13 13 10
10 3 8 4 4 3 7 5 4 :130:19 14 10 14 10 8 17 19 19
2 2 5 3 :55:16 18 8 13
2 8 5 2 5 :92:18 18 20 18 18
2 8 7 5 8 2 7 4 9 5 :140:3 20 9 17 18 4 13 17 19 20
9 8 4 10 5 5 6 :73:8 13 19 1 11 19 2
4 1 7 8 7 9 4 9 5 :110:19 14 11 19 14 9 6 3 15
1 1 10 4 5 3 3 7 5 3 :111:11 17 20 11 15 8 1 3 5 20
3 1 6 8 4 8 1 5 3 :137:14 15 3 19 19 17 15 20 15
6 2 10 1 :47:14 11 3 19
6 8 2 4 7 :45:2 2 8 19 14
5 3 6 1 10 6 :67:8 16 4 8 12 19
7 4 6 6 7 1 :78:8 4 20 12 16 18
3 5 6 :9:3 5 1
7 3 1 2 5 1 6 10 1 :119:6 15 20 20 3 19 10 17 9
1 10 7 1 10 3 3 2 10 5 :133:2 7 18 2 19 20 18 18 9 20
6 8 9 8 1 2 4 7 4 4 :95:4 9 16 4 18 8 5 13 13 5
6 10 6 :41:13 9 19
8 7 5 :12:10 1 1
4 8 4 5 2 9 3 5 2 9 :114:13 6 11 16 18 1 11 6 17 15
3 7 2 5 6 2 1 8 :95:3 15 17 20 13 10 4 13
8 9 6 3 2 7 7 10 :58:4 2 19 12 2 2 14 3
1 3 5 7 10 9 1 9 6 :94:14 7 12 9 20 5 5 4 18
7 10 7 3 8 2 :68:16 16 2 10 17 7
4 2 9 6 9 7 5 :62:8 5 13 13 7 6 10
6 8 4 7 5 :73:16 13 17 11 16
8 3 5 5 10 5 1 7 4 :90:7 7 9 5 20 12 3 10 17
10 1 2 10 7 :56:12 9 20 14 1
7 6 1 :36:15 11 10
8 6 9 6 5 :51:1 14 17 11 8
9 1 3 6 3 8 5 3 :83:15 13 5 3 12 2 17 16
4 10 10 :50:17 16 17
2 8 9 3 10 5 5 2 :82:7 14 13 6 16 11 8 7
8 7 2 5 1 6 2 1 9 5 :123:14 15 9 13 8 7 16 12 18 11
5 2 10 9 :47:8 17 12 10
4 7 9 1 2 :56:8 5 17 7 19
5 3 2 5 7 3 8 :83:13 15 13 13 17 1 11
8 8 3 8 10 10 10 :50:4 5 15 7 7 9 3
9 7 9 8 10 :68:5 20 5 19 19
2 7 2 6 2 6 7 8 1 5 :87:3 5 5 13 15 17 6 8 1 14
4 3 1 6 10 8 4 :82:20 11 18 18 8 3 4
9 5 8 10 7 8 4 :75:1 12 1 11 18 12 20
2 5 4 :27:15 1 11
1 10 5 5 5 :58:4 13 13 20 8
6 10 6 10 3 10 2 :85:16 8 5 14 6 18 18
5 2 9 3 4 :51:16 7 14 13 1
8 3 1 3 5 10 :44:11 9 4 8 10 2
8 8 8 9 7 2 6 :78:18 9 19 1 12 16 3
2 1 8 :36:16 8 12
7 1 6 :6:3 2 1
7 7 2 8 2 10 :57:20 6 15 8 4 4
3 9 2 8 6 8 7 3 3 :109:15 10 5 18 6 17 12 11 15
8 3 10 8 5 6 1 9 8 :97:14 7 8 6 16 17 4 19 6
3 3 7 3 4 5 :74:9 18 14 17 9 7
6 7 8 :29:4 13 12
6 6 8 5 3 2 :51:17 5 3 3 13 10
2 1 7 1 10 4 :62:16 4 14 9 13 6
10 1 8 7 10 7 5 :75:2 7 12 10 16 20 8
6 8 1 6 3 1 7 :85:19 18 20 4 12 6 6
7 9 5 6 6 4 2 6 4 6 :86:3 2 14 1 19 2 16 15 5 9
4 2 9 9 7 4 :24:10 5 1 1 5 2
10 4 6 10 1 5 6 10 9 4 :117:16 10 16 4 12 1 13 13 12 20
5 2 9 5 6 :68:18 10 7 17 16
10 3 7 9 10 6 2 5 2 :130:10 10 16 14 20 17 18 18 7
4 2 1 6 4 :46:6 3 13 20 4
6 8 2 :25:10 10 5
4 6 1 10 5 7 5 2 5 :73:6 7 17 11 5 2 6 10 9
9 8 3 7 7 1 6 4 2 2 :88:5 20 2 18 7 7 6 14 3 6
10 6 4 7 2 4 6 4 :92:8 15 8 14 19 10 9 9
3 8 7 :15:8 3 4
4 3 1 10 9 10 2 4 6 :102:12 9 18 4 13 18 1 20 7
4 9 4 4 6 6 5 2 :75:5 10 10 8 11 3 15 13
5 3 3 10 6 4 :58:6 19 8 9 10 6
2 5 3 1 2 :51:18 20 6 1 6
4 8 10 4 5 :54:3 16 20 6 9
7 3 9 5 6 6 5 9 5 :112:15 13 3 18 10 14 5 14 20
3 8 4 5 9 9 :44:6 16 3 13 4 2
3 9 4 8 10 2 10 1 :77:20 14 3 10 4 4 16 6
10 4 7 :39:13 6 20
9 5 7 8 4 6 5 8 :93:20 8 8 4 15 1 20 17
3 3 8 5 10 10 10 :86:15 18 2 4 14 18 15
6 8 9 6 7 5 8 5 1 :97:6 6 17 18 17 6 17 9 1
5 9 2 1 3 7 9 :69:9 10 4 14 5 8 19
6 8 1 :7:1 3 3
3 9 4 :12:4 4 4
9 8 1 1 2 8 9 10 10 :109:9 20 6 16 2 11 17 15 13
3 1 7 4 4 :54:5 6 19 15 9
7 3 1 7 :50:9 4 20 17
4 1 1 :39:12 8 19
10 5 6 :29:16 5 8
5 4 9 1 1 :72:15 11 18 8 20
10 8 8 3 6 1 :56:5 2 3 13 17 16
1 1 5 :30:13 12 5
4 6 8 10 4 4 9 10 :101:18 19 1 14 6 13 10 20
4 6 9 10 4 3 6 1 10 :120:6 16 16 20 18 2 16 6 20
6 2 1 8 3 :36:16 4 5 9 2
7 4 4 10 :47:16 10 8 13
6 3 5 :27:18 3 6
10 2 1 10 8 :38:7 2 3 16 10
6 9 5 2 4 5 10 :74:17 11 2 10 14 16 4
7 6 5 9 5 2 :60:16 15 5 7 16 1
9 8 8 :23:3 7 13
10 5 8 7 4 2 9 2 :96:19 15 15 18 5 5 5 14
1 7 5 3 :44:5 11 16 12
7 3 5 10 :64:17 9 18 20
1 8 7 2 7 8 :62:5 19 10 7 18 3
7 8 8 1 4 :52:8 18 6 14 6
4 8 6 2 :45:11 7 10 17
9 5 2 7 7 7 5 :50:5 9 8 6 19 1 2
3 2 2 3 9 5 :52:3 3 11 18 4 13
7 5 7 3 6 3 6 :71:3 9 20 14 8 14 3
4 4 7 1 4 7 3 10 8 :67:2 2 7 10 9 11 5 10 11
7 1 5 9 6 9 4 :74:17 6 12 9 13 2 15
3 1 10 5 8 8 1 :65:19 5 13 4 4 6 14
4 9 5 8 1 4 7 :43:1 8 12 3 16 2 1
4 1 5 5 6 :36:5 7 5 18 1
8 9 7 2 :49:17 9 15 8
9 2 2 3 3 4 9 6 :72:14 9 6 12 4 2 10 15
8 5 6 :48:10 18 20
3 8 2 8 7 1 10 2 9 6 :88:4 2 5 10 14 3 20 9 14 7
4 4 6 9 7 7 :71:18 11 12 6 19 5
3 10 6 9 4 1 7 1 8 10 :116:13 5 17 18 13 14 1 8 18 9
9 6 4 4 7 5 8 :64:10 6 1 14 9 9 15
4 4 10 5 2 1 10 5 4 8 :126:12 15 18 13 5 18 15 5 16 9
7 5 1 3 5 2 5 10 3 9 :87:12 15 9 12 1 3 2 20 12 1
8 6 4 1 7 8 5 1 3 :77:5 11 1 5 6 5 17 12 15
4 8 6 7 6 4 4 8 9 9 :75:7 1 6 2 2 8 13 17 6 13
6 2 5 8 3 9 10 1 10 10 :100:8 20 6 1 5 18 17 4 16 5
4 10 3 5 :43:4 10 20 9
2 3 9 2 3 :59:20 10 11 15 3
5 1 4 :44:16 18 10
5 6 6 10 5 4 9 1 :77:13 4 8 12 4 18 16 2
10 10 1 1 8 1 10 1 :79:4 4 6 16 11 12 19 7
8 4 7 10 8 6 1 2 :56:11 12 6 2 3 5 9 8
10 9 10 2 3 6 4 2 10 :85:7 5 2 11 2 11 14 15 18
9 8 8 4 8 3 1 5 4 :92:2 6 19 8 18 14 1 11 13
1 6 5 1 5 6 8 6 8 5 :122:1 20 2 8 20 16 15 9 17 14
8 1 1 9 :35:2 4 14 15
1 3 6 5 4 4 4 9 :71:3 10 3 14 10 2 17 12
1 6 4 :33:11 5 17
2 6 1 7 9 8 7 5 8 6 :77:10 2 9 18 5 6 1 6 14 6
4 9 1 4 7 :48:9 5 13 9 12
10 10 4 10 6 2 6 9 :82:5 3 5 13 19 1 20 16
9 6 2 9 :30:7 9 13 1
5 2 1 9 8 7 4 :85:10 5 12 20 7 14 17
10 7 8 :28:6 4 18
2 6 8 2 4 3 1 8 :105:6 14 19 14 18 9 15 10
7 3 7 9 3 :60:20 6 1 18 15
4 1 6 1 4 10 6 3 :77:18 1 11 11 3 9 16 8
3 7 9 4 4 6 9 :51:1 2 5 8 18 3 14
10 5 6 6 5 9 8 :69:14 5 14 5 12 18 1
1 8 8 1 9 10 5 2 4 :111:13 7 6 9 12 12 18 15 19
5 4 3 6 10 5 :87:16 20 11 12 16 12
6 3 7 :32:12 6 14
2 7 5 6 5 10 2 1 :119:19 15 16 6 20 20 16 7
3 10 2 8 10 8 8 2 :90:12 12 7 12 19 9 11 8
1 7 1 6 9 3 6 5 :63:13 7 13 4 1 5 7 13
7 10 7 8 4 3 10 10 6 :126:15 14 15 5 19 3 16 19 20
6 1 7 :55:16 19 20
5 2 6 10 :31:12 8 8 3
5 9 3 :28:6 15 7
7 6 5 6 :21:14 3 1 3
5 3 7 9 :37:2 9 10 16
4 10 10 1 5 1 1 3 3 :98:17 4 16 13 13 2 15 2 16
5 5 10 1 9 5 1 4 6 8 :86:15 10 3 6 2 8 11 15 10 6
6 5 10 3 5 :53:14 7 8 18 6
10 7 8 7 6 1 9 10 8 :97:13 2 13 3 6 20 17 9 14
6 9 6 3 :20:1 7 8 4
7 7 2 6 4 10 :73:13 6 12 9 17 16
4 3 10 9 :29:6 6 15 2
9 7 5 2 :39:18 3 3 15
10 4 1 1 :47:10 11 17 9
2 6 4 :41:13 20 8
5 6 1 4 :36:17 3 4 12
5 7 2 1 2 3 10 5 1 5 :92:6 13 12 9 1 12 8 11 8 12
9 7 1 2 4 7 2 :72:15 1 2 20 11 11 12
4 7 3 8 10 1 5 10 1 2 :112:5 18 17 10 6 17 5 17 1 16
7 5 10 2 7 4 :66:4 2 10 15 20 15
10 6 9 1 2 2 1 6 :116:17 10 18 6 14 20 19 12
7 10 3 7 9 3 2 :51:2 2 2 15 10 2 18
9 1 9 8 3 2 :78:16 11 14 18 15 4
4 8 1 8 5 5 2 10 6 :108:14 13 11 12 14 13 7 5 19
1 8 3 2 :69:18 18 14 19
4 4 3 7 :42:16 15 7 4
3 7 6 1 9 8 :61:4 20 18 11 7 1
2 3 8 7 5 3 6 3 9 :94:7 18 1 1 16 18 18 4 11
9 10 4 :46:10 18 18
6 5 5 4 6 1 7 :64:14 1 10 5 14 3 17
10 6 3 7 7 2 :42:9 9 6 2 12 4
1 5 7 2 9 7 1 :117:20 9 20 15 19 18 16
3 4 10 1 9 7 10 5 6 4 :118:11 20 9 17 7 4 17 14 5 14
3 5 3 9 5 8 :53:11 7 11 12 5 7
2 4 8 :34:9 6 19
7 8 3 7 :74:19 19 20 16
10 1 8 8 8 :40:1 8 2 15 14
3 1 3 10 10 6 3 8 2 :85:16 5 2 11 15 16 2 1 17
2 1 8 5 3 7 :61:17 8 10 13 3 10
1 6 7 8 2 2 7 9 :91:16 17 10 16 5 4 13 10
3 9 6 1 3 2 10 8 10 :96:6 18 19 9 16 4 12 2 10
7 5 3 :35:11 7 17
6 5 1 1 1 6 9 :56:8 18 14 1 1 4 10
6 6 3 8 10 6 5 6 7 2 :126:13 14 16 14 15 4 2 17 14 17
9 3 8 :52:18 15 19
2 9 10 5 8 1 :51:13 14 5 2 10 7
1 1 8 2 10 7 :67:6 14 11 18 16 2
3 7 3 :32:11 6 15
2 10 6 1 7 5 3 5 1 5 :124:7 14 19 19 11 8 12 3 12 19
7 7 5 :23:1 16 6
10 2 5 :27:20 1 6
10 4 5 2 1 4 1 6 2 1 :94:3 7 2 5 12 11 11 7 19 17
5 2 3 1 9 6 :52:9 5 6 8 11 13
3 2 9 9 8 1 10 6 7 3 :80:11 4 1 18 4 9 20 4 5 4
7 10 2 3 4 10 8 10 8 :127:12 14 14 8 19 19 14 16 11
8 5 5 6 9 5 7 6 7 9 :113:13 6 20 18 7 1 19 17 9 3
2 5 8 10 3 9 4 2 7 8 :80:3 17 1 9 7 15 5 15 7 1
8 5 10 6 9 5 :78:2 11 15 20 18 12
8 8 5 9 3 1 2 9 :78:2 18 4 10 16 11 16 1
4 9 4 5 2 5 2 10 3 9 :102:1 4 15 10 7 18 5 19 13 10
8 7 9 5 :33:10 9 6 8
9 2 10 8 10 5 1 2 :85:1 14 15 2 11 16 6 20
8 3 1 9 2 :44:17 12 3 5 7
9 8 7 3 9 :54:16 17 13 5 3
3 4 3 :48:16 12 20
6 10 3 8 1 3 2 :63:3 17 6 14 15 1 7
10 10 4 9 :38:4 15 15 4
8 10 9 8 :49:6 19 16 8
7 7 4 9 9 1 10 8 8 :95:1 8 19 13 7 10 17 13 7
5 1 9 5 10 3 8 2 4 7 :95:14 5 12 11 9 18 10 2 8 6
1 3 2 1 :54:17 7 15 15
8 6 7 :17:3 12 2
8 6 8 10 8 10 1 6 :77:2 10 1 20 11 7 8 18
4 3 8 2 4 :53:13 4 16 5 15
8 5 4 5 :51:9 14 19 9
6 10 2 4 :30:3 5 18 4
3 7 3 7 7 7 6 :77:7 9 3 18 12 16 12
4 7 6 6 5 :49:16 17 1 1 14
7 1 4 4 8 5 :59:7 15 3 5 20 9
10 3 1 6 8 9 7 :88:18 13 17 14 7 18 1
7 9 1 10 5 10 :86:15 16 14 18 13 10
2 7 8 1 :41:19 5 16 1
3 10 1 :39:8 18 13
9 8 4 9 7 2 2 :63:12 1 6 16 9 4 15
10 5 10 5 7 1 5 5 :82:7 18 3 8 8 14 17 7
6 10 7 7 8 7 9 :83:15 9 4 19 12 6 18
5 4 4 3 6 2 1 10 1 2 :118:9 14 14 16 17 8 20 1 2 17
1 3 4 8 9 9 5 7 6 :84:2 13 3 19 14 8 3 3 19
10 8 9 7 3 :50:5 19 3 9 14
7 8 1 6 4 6 10 9 1 :98:14 3 6 9 19 13 7 8 19
3 2 8 4 2 4 5 :60:20 14 10 6 2 4 4
2 6 2 9 3 5 3 5 1 4 :121:19 5 16 19 2 17 16 14 10 3
5 9 1 7 :29:6 10 6 7
5 1 3 7 6 4 :56:18 5 14 13 1 5
3 5 3 8 9 8 5 :90:14 17 19 10 4 17 9
1 4 8 2 6 10 6 :75:17 9 18 15 2 9 5
7 8 7 :36:14 2 20
5 8 7 :24:13 10 1
9 10 5 9 :49:20 1 20 8
3 10 6 8 6 3 7 8 :81:3 18 4 10 15 11 12 8
7 7 8 1 9 :51:4 4 17 18 8
8 2 7 2 :30:12 10 4 4
10 2 4 10 9 1 3 :79:4 5 12 14 18 12 14
3 9 7 2 3 :66:17 17 19 9 4
4 9 1 10 2 2 5 4 :90:9 8 8 16 11 12 16 10
3 9 1 2 8 5 :47:12 6 9 11 4 5
5 6 1 3 7 8 :55:4 6 11 8 16 10
7 2 4 7 9 8 2 :65:16 3 2 10 10 15 9
7 10 1 10 7 7 :45:2 3 17 6 1 16
2 7 10 6 5 4 :58:6 12 17 7 2 14
8 4 6 2 1 :71:20 20 17 1 13
7 2 1 7 2 10 4 :90:15 3 14 18 18 20 2
10 2 2 :36:11 7 18
10 1 2 5 2 5 5 :69:1 3 12 18 16 5 14
5 2 5 :41:6 18 17
2 9 7 6 10 :47:17 11 4 10 5
7 6 1 9 2 2 3 10 :85:8 12 8 3 15 6 18 15
9 5 2 5 4 10 :55:2 8 9 16 8 12
6 8 10 7 7 2 1 10 2 :92:2 6 4 5 15 19 12 12 17
8 9 10 1 5 9 7 7 5 :61:3 5 3 1 15 4 4 7 19
9 7 3 8 1 3 4 1 3 :93:5 5 12 14 15 19 10 9 4
2 9 5 2 4 :58:9 13 14 16 6
7 4 10 1 3 9 1 7 10 :126:17 16 3 11 20 20 19 6 14
2 4 6 :42:18 16 8
1 5 9 6 6 :50:13 1 16 11 9
10 5 7 7 6 10 1 :73:18 16 7 14 1 5 12
3 3 3 1 5 3 6 :67:18 19 14 4 6 1 5
10 2 9 10 6 9 3 4 4 7 :97:6 3 19 12 11 15 5 15 3 8
1 1 5 2 4 3 :64:12 7 6 12 16 11
10 4 2 6 10 4 3 4 6 7 :133:20 3 20 7 10 10 19 10 19 15
2 6 6 5 5 4 4 :56:2 14 2 12 20 5 1
5 4 4 4 5 4 :72:9 4 10 13 18 18
5 9 6 :31:20 7 4
7 8 8 8 4 1 3 6 3 10 :116:20 14 18 14 18 2 1 4 10 15
5 4 8 5 9 :50:11 14 16 6 3
3 6 8 7 10 :46:5 9 8 12 12
10 7 1 2 10 5 9 :92:14 17 3 20 11 13 14
2 5 6 7 5 9 9 9 2 3 :119:1 3 3 18 19 12 15 14 20 14
8 4 2 10 :46:20 17 1 8
4 1 7 4 10 6 10 :90:12 10 18 7 12 19 12
1 4 9 2 10 7 :51:11 10 20 4 2 4
1 3 9 4 9 4 :71:15 3 13 17 12 11
7 2 10 7 6 :67:16 16 17 7 11
2 4 7 5 2 1 8 9 10 5 :70:3 5 11 6 4 2 15 5 4 15
9 7 3 :33:14 6 13
9 7 5 7 :48:19 6 9 14
10 1 6 9 :23:8 2 3 10
10 4 8 6 4 10 9 4 :56:7 9 2 1 18 7 1 11
5 7 6 9 7 6 4 8 1 :107:19 3 6 18 12 10 16 19 4
3 6 10 1 2 9 4 2 6 4 :96:15 10 7 16 5 13 13 1 9 7
6 1 3 2 4 10 5 6 :58:4 7 1 7 7 17 2 13
4 9 10 3 1 1 8 2 9 5 :72:17 7 10 5 4 1 10 8 7 3
3 7 6 8 2 :19:5 2 5 2 5
3 6 6 2 8 1 9 :43:1 3 10 3 4 13 9
3 5 7 7 4 4 5 4 :90:5 16 17 3 16 15 4 14
9 10 4 10 10 7 10 8 9 1 :119:13 20 6 9 6 14 9 6 17 19
8 5 6 7 10 2 4 3 2 2 :73:10 6 7 6 1 9 5 7 3 19
4 4 1 8 4 10 2 9 4 :73:7 2 20 6 4 16 5 4 9
2 1 6 6 2 6 6 9 :61:8 10 5 10 7 2 9 10
1 5 1 10 9 1 9 2 :83:20 3 13 5 14 15 1 12
3 4 4 :32:4 16 12
4 4 3 7 5 1 :63:16 13 7 10 12 5
2 1 6 :16:2 3 11
10 2 9 4 3 5 4 10 10 :125:19 13 17 8 19 20 3 13 13
8 8 8 10 5 5 10 :73:7 12 18 13 5 9 9
3 8 4 6 :54:20 8 16 10
9 8 4 2 5 3 2 9 :97:13 8 4 16 12 7 19 18
9 2 1 :31:3 10 18
8 5 1 6 1 9 8 :85:20 13 9 8 15 12 8
10 5 5 1 7 9 10 :57:15 3 3 4 7 17 8
5 3 7 9 2 3 5 :83:9 14 11 11 9 16 13
5 9 3 10 :34:20 8 2 4
6 3 9 9 6 5 :42:19 14 2 3 1 3
10 10 10 10 7 4 6 7 8 :96:6 9 14 15 13 15 5 1 18
4 8 5 9 9 4 10 6 1 :65:6 12 19 2 3 2 4 16 1
6 8 7 10 2 1 :48:6 2 4 12 9 15
8 3 7 5 :49:18 18 7 6
10 9 4 1 2 :66:11 12 20 12 11
6 5 5 8 3 3 5 5 5 1 :124:20 17 2 13 5 9 2 18 19 19
3 4 5 2 5 9 5 2 5 4 :71:4 12 6 1 13 1 10 3 18 3
3 4 4 6 :40:12 8 11 9
9 2 4 8 9 10 2 4 9 1 :74:3 2 14 4 10 19 1 2 10 9
4 1 1 3 6 9 2 1 :83:18 2 17 11 5 15 8 7
6 9 4 :26:7 8 11
9 9 10 2 1 8 2 1 :78:3 8 9 18 9 14 9 8
9 1 9 6 5 6 5 10 :94:11 15 12 10 5 17 9 15
7 6 8 9 7 6 1 1 :89:8 2 2 17 8 17 18 17
3 4 7 3 3 2 :67:6 10 7 14 16 14
1 10 2 1 1 :77:18 14 20 15 10
5 2 4 9 10 8 1 2 :94:1 16 17 5 11 15 16 13
5 4 4 8 8 6 :92:9 18 13 15 17 20
10 3 6 2 7 10 1 8 :94:9 17 7 2 7 19 16 17
10 7 4 7 :28:9 4 12 3
2 5 1 1 :46:11 10 15 10
8 9 4 5 3 8 10 1 :66:11 16 12 11 1 4 6 5
7 10 8 8 :43:18 6 18 1
9 8 8 1 :40:9 3 13 15
7 3 3 5 5 1 1 8 :72:12 9 10 3 11 14 11 2
10 5 3 :39:4 19 16
5 1 8 2 :55:18 11 10 16
8 2 10 6 8 :34:5 3 12 11 3
2 5 4 10 3 :52:6 20 16 1 9
8 5 9 :49:12 17 20
6 8 8 3 :48:15 5 12 16
8 7 6 10 :36:4 8 16 8
10 9 4 :24:14 3 7
1 7 6 1 4 2 7 5 5 :121:16 9 6 20 13 15 14 9 19
4 1 7 :30:3 20 7
10 1 4 6 7 8 :69:8 19 16 5 8 13
9 4 7 :27:6 5 16
5 9 8 10 10 10 4 9 7 5 :127:20 5 14 14 11 11 15 20 15 2
10 4 2 :38:20 11 7
9 9 8 6 1 5 6 3 6 10 :80:7 6 1 5 8 16 11 13 8 5
1 1 10 2 1 8 7 :40:4 10 2 4 6 12 2
1 8 7 1 9 :57:18 13 14 11 1
6 8 6 2 1 :39:14 7 7 7 4
4 6 6 10 8 2 3 10 9 :99:16 12 16 1 1 16 15 15 7
5 5 7 4 :63:16 18 9 20
10 5 9 8 7 :71:20 4 18 18 11
2 7 8 2 8 6 7 5 :98:14 11 11 16 3 9 15 19
7 5 2 5 4 4 10 :74:8 10 8 8 20 18 2
3 7 8 7 10 10 10 6 9 :97:7 19 1 7 17 15 17 10 4
5 9 1 6 8 6 7 :110:16 15 17 16 20 20 6
8 10 3 7 2 4 10 :88:12 16 13 9 9 18 11
5 4 6 8 :17:2 2 4 9
5 10 6 10 9 10 :82:19 12 10 17 4 20
9 8 6 10 5 5 2 8 1 :87:4 13 4 8 14 11 16 7 10
2 10 4 2 :53:13 20 18 2
5 10 10 1 5 8 7 5 :60:1 10 14 9 13 4 4 5
9 6 2 10 10 :55:18 14 2 12 9
2 2 2 5 1 :52:18 4 3 14 13
6 7 8 6 3 3 10 :54:5 9 6 17 1 14 2
5 5 6 6 :39:19 6 9 5
1 1 8 :11:1 4 6
2 10 2 2 6 1 :46:9 18 5 1 8 5
7 9 9 6 1 5 5 :102:17 12 19 19 12 18 5
5 10 4 9 7 6 10 :75:12 4 12 10 12 10 15
8 9 2 7 1 1 :108:17 18 20 18 18 17
7 2 7 1 1 7 :56:2 3 9 13 16 13
5 10 10 :23:6 13 4
5 5 8 1 9 10 2 4 10 :86:3 3 16 7 12 4 11 18 12
4 6 10 3 :33:9 3 1 20
5 7 5 :30:5 10 15
8 9 5 6 6 10 8 10 1 :97:3 14 5 8 17 6 17 11 16
4 6 5 2 10 3 1 9 :84:8 6 8 19 7 16 19 1
9 1 4 8 3 2 2 7 8 :119:17 6 13 19 1 7 19 19 18
5 8 2 1 7 9 :86:10 19 18 12 18 9
3 5 5 3 7 7 3 7 10 :75:2 6 1 19 8 13 12 9 5
2 9 6 1 :32:9 14 3 6
8 6 7 2 8 7 9 9 :54:4 3 18 17 3 6 1 2
2 5 10 6 5 5 :58:16 4 18 1 11 8
7 7 4 10 3 1 :73:10 19 4 20 8 12
1 9 5 5 2 4 3 7 10 :100:5 14 13 17 5 5 6 18 17
5 1 4 3 8 :51:10 6 12 15 8
5 4 7 6 6 8 6 :74:20 1 2 16 14 4 17
7 6 3 6 2 5 9 3 :94:3 5 13 11 18 9 17 18
10 10 7 2 4 9 2 3 9 :96:9 6 17 4 11 12 11 20 6
9 7 6 :27:7 12 8
5 2 8 3 :43:20 6 8 9
8 3 2 1 6 :53:15 4 13 16 5
4 7 1 8 3 4 8 7 5 6 :106:10 20 17 8 4 5 20 12 7 3
5 2 8 6 8 1 4 6 8 :93:10 7 14 16 5 19 1 16 5
2 5 10 7 8 5 :67:19 18 3 11 8 8
6 9 1 8 :20:3 2 6 9
6 10 6 2 :60:20 20 16 4
7 10 8 3 3 5 :61:10 5 6 10 12 18
5 2 7 :22:5 1 16
1 7 1 :34:19 8 7
1 7 5 :21:14 6 1
9 1 4 5 5 6 :58:10 8 11 16 6 7
2 7 2 8 7 10 7 9 :94:17 10 16 3 14 10 17 7
2 3 3 7 5 7 :58:8 11 17 14 4 4
1 4 2 2 4 1 :69:18 15 18 9 4 5
7 9 3 1 5 7 10 :110:19 18 8 16 16 15 18
1 3 1 4 7 8 9 4 4 :94:8 5 7 8 19 15 15 1 16
9 5 5 9 :35:11 4 16 4
2 6 10 2 8 4 1 7 5 3 :102:2 6 20 19 12 6 13 19 4 1
6 7 10 4 4 7 3 1 6 10 :110:10 9 4 15 18 5 18 1 13 17
8 8 1 9 :28:11 4 10 3
8 7 1 7 3 2 6 7 9 :111:12 9 7 12 19 16 20 5 11
7 10 8 3 6 :66:19 10 11 9 17
5 9 2 1 3 :51:16 11 10 11 3
9 9 4 7 8 2 :73:6 7 16 18 8 18
6 9 7 9 2 4 9 2 4 :94:1 13 17 11 8 19 1 5 19
2 2 7 7 4 6 5 5 :107:20 20 15 10 8 9 20 5
7 6 6 2 4 10 6 9 4 :54:5 6 12 12 3 10 2 3 1
4 6 2 7 4 2 :67:9 2 7 12 19 18
5 8 6 1 5 2 3 :87:20 2 17 9 14 15 10
4 6 1 9 1 3 :58:5 7 4 15 15 12
3 1 2 8 5 8 :63:7 17 13 19 3 4
8 1 6 :27:8 15 4
2 2 9 6 8 :42:18 4 4 15 1
2 9 1 3 9 2 1 :76:10 10 13 19 14 4 6
1 9 9 1 3 6 1 10 10 :81:8 18 15 1 6 11 3 18 1
3 6 5 5 1 10 2 :80:2 15 15 2 17 18 11
8 1 9 3 10 2 5 8 3 :88:3 5 11 3 16 16 20 12 2
1 2 6 7 3 3 5 2 :64:13 4 5 13 11 1 9 8
5 4 7 10 10 :69:8 18 12 19 12
9 9 10 7 8 :39:13 11 1 4 10
7 10 2 9 5 9 :69:9 15 2 11 12 20
5 6 1 3 :37:10 6 5 16
2 1 9 7 3 :58:20 13 2 3 20
2 1 6 5 7 :84:13 14 19 20 18
2 5 6 7 8 3 2 4 1 :110:7 7 9 10 12 20 20 10 15
8 4 6 :22:3 1 18
8 6 1 2 6 :78:14 16 9 19 20
4 6 7 10 10 5 3 :59:4 12 7 14 13 7 2
5 5 10 9 :33:10 12 5 6
4 10 1 :27:18 7 2
3 8 6 8 9 :70:18 16 4 17 15
7 6 1 7 9 3 :42:10 16 1 1 3 11
1 4 4 8 1 1 :83:19 7 14 7 18 18
4 10 6 4 4 2 6 9 5 :108:12 17 16 17 9 1 1 16 19
10 2 3 1 6 9 6 10 :121:18 20 6 19 8 20 10 20
4 10 2 10 7 10 2 5 :89:11 16 20 15 2 4 13 8
3 8 3 :46:20 6 20
7 7 10 :28:2 6 20
6 2 3 8 7 6 5 4 9 7 :112:4 9 19 12 9 16 2 16 11 14
4 1 9 4 7 8 :81:3 18 13 20 9 18
6 6 1 6 1 9 6 :67:18 14 4 3 14 9 5
10 2 6 9 6 1 1 :86:2 2 19 17 14 12 20
10 2 7 7 3 7 :87:20 16 10 16 5 20
8 9 3 10 8 1 2 :55:3 14 13 9 7 4 5
4 9 8 5 4 7 2 2 2 :75:19 5 2 7 8 1 19 3 11
7 7 9 8 3 4 9 5 8 :95:4 14 7 16 19 6 17 9 3
1 1 4 8 2 :61:9 15 2 19 16
5 10 8 6 2 10 6 7 8 :101:15 18 18 8 4 10 1 9 18
1 6 9 7 1 :26:6 7 2 10 1
5 6 8 10 9 3 3 6 8 :106:19 8 17 7 19 15 2 1 18
10 7 6 :23:4 9 10
10 10 4 4 6 1 3 4 :83:2 13 8 14 7 10 13 16
7 2 3 :21:5 1 15
6 5 8 4 3 8 :47:1 11 9 11 3 12
2 8 4 4 7 4 10 :77:16 10 20 4 6 20 1
3 5 2 2 8 10 7 5 1 :101:11 12 20 20 15 5 4 13 1
10 3 1 5 2 :33:14 9 5 2 3
10 8 2 3 6 :53:5 12 13 15 8
4 10 3 1 10 :53:3 16 2 19 13
2 9 4 5 2 3 9 8 5 :94:4 3 11 20 2 16 16 11 11
6 10 6 :7:4 2 1
2 7 10 1 6 1 4 3 :72:18 19 13 5 5 2 9 1
7 4 4 8 2 5 9 3 :96:19 19 15 3 4 10 16 10
7 9 3 7 3 8 7 10 6 :87:14 6 14 14 1 14 9 12 3
7 7 3 10 3 7 3 :51:1 8 4 15 13 5 5
6 7 2 8 8 7 8 :80:10 8 17 7 14 9 15
8 4 10 3 2 5 10 :90:9 14 12 14 17 5 19
5 6 8 7 8 2 9 8 :97:11 15 7 4 20 17 15 8
7 5 7 8 7 8 4 1 :87:6 15 11 10 10 4 16 15
8 10 9 5 2 3 9 3 8 10 :92:6 1 1 8 6 4 14 18 20 14
6 10 7 1 1 1 :48:6 19 4 9 3 7
10 1 6 10 4 1 4 :41:18 5 6 2 2 6 2
9 10 9 10 10 6 :69:12 16 14 2 6 19
5 3 1 5 1 9 7 1 10 5 :124:14 18 7 2 20 17 8 3 18 17
8 9 2 5 9 6 :56:14 7 4 10 13 8
6 8 8 :21:1 4 16
3 3 3 8 4 8 2 6 9 :96:10 13 20 8 11 1 6 12 15
10 2 5 8 :57:9 8 20 20
6 9 10 2 3 9 8 :69:16 18 3 8 5 8 11
9 1 3 6 4 :61:9 20 14 14 4
5 4 7 :18:8 2 8
4 5 3 9 2 1 8 2 3 7 :113:6 20 15 14 9 17 3 14 14 1
8 5 6 :31:6 6 19
6 9 10 5 8 3 3 5 1 1 :99:10 14 10 9 11 1 13 20 2 9
8 8 3 4 :53:13 18 12 10
3 7 10 :17:3 8 6
10 1 9 6 8 8 5 8 :75:9 3 12 9 1 11 19 11
4 7 1 6 :58:3 17 20 18
8 9 10 2 9 7 7 9 6 2 :89:3 1 9 11 15 6 1 15 19 9
8 5 2 :50:14 20 16
3 10 1 8 5 :50:7 18 3 4 18
2 10 5 9 :53:18 10 12 13
7 3 7 1 :49:20 7 8 14
6 9 1 9 10 2 :63:15 8 1 17 15 7
9 4 6 10 7 8 1 :88:8 6 18 15 10 20 11
9 2 6 7 2 7 2 :74:9 12 16 6 5 17 9
5 7 3 7 7 8 8 1 5 6 :91:13 5 20 5 10 12 5 3 4 14
10 2 4 6 3 7 8 8 2 :81:17 10 2 11 2 4 16 13 6
8 1 9 1 9 6 1 2 10 :112:6 16 20 12 14 12 12 9 11
6 10 1 9 6 6 6 3 3 :78:1 3 12 16 7 10 11 16 2
2 9 6 4 8 7 5 7 5 1 :80:13 1 2 9 3 7 1 9 19 16
3 10 10 :28:6 15 7
10 8 7 1 9 4 4 4 9 :112:20 3 4 5 20 16 16 19 9
3 10 4 9 1 8 3 8 :84:3 12 7 10 13 19 2 18
3 1 3 8 9 5 7 :90:17 15 3 5 13 19 18
6 2 4 8 2 3 2 5 :78:6 8 6 3 20 6 16 13
6 4 2 5 3 10 7 3 3 5 :104:7 20 10 10 17 3 9 9 2 17
9 9 10 2 2 9 2 :85:2 16 20 13 20 3 11
7 7 1 :28:11 10 7
7 4 5 6 4 10 9 2 :86:2 11 15 17 4 15 14 8
3 6 10 3 4 2 :70:14 15 15 14 6 6
2 4 5 8 10 10 :69:8 18 15 14 12 2
6 5 6 6 6 5 10 :77:11 6 4 18 19 1 18
6 3 5 4 6 :54:6 10 20 14 4
4 7 8 7 :55:18 13 14 10
2 3 8 3 10 7 1 9 :100:8 3 18 4 16 14 17 20
9 2 1 5 :45:16 14 3 12
5 6 10 7 9 3 3 4 9 :118:14 20 7 19 1 17 20 17 3
4 6 7 6 :37:8 4 9 16
2 2 8 6 10 :55:14 2 16 11 12
2 5 4 3 7 6 1 4 3 :147:20 19 18 20 17 16 10 19 8
5 1 10 10 2 :55:18 7 4 8 18
8 7 1 5 :54:17 13 7 17
2 10 9 2 6 :71:20 11 12 8 20
5 3 9 :32:18 12 2
10 2 5 1 6 :35:14 8 1 2 10
3 2 6 1 :23:9 7 1 6
9 2 7 4 4 4 2 :69:2 14 19 9 14 10 1
3 6 10 6 9 6 6 4 1 :102:19 3 16 2 20 6 14 6 16
8 7 2 3 :66:20 10 18 18
5 9 8 4 8 2 9 1 3 5 :128:4 10 16 20 7 11 19 11 16 14
6 2 8 2 4 5 6 7 4 3 :129:7 4 15 20 18 11 18 17 3 16
3 9 2 3 7 3 :78:17 1 20 16 12 12
6 9 9 4 1 8 2 2 :75:15 8 9 8 16 3 12 4
8 9 2 5 7 2 :83:18 19 16 19 5 6
9 6 7 3 9 10 6 1 6 9 :107:3 9 20 18 18 4 4 17 5 9
6 1 8 :37:14 10 13
3 6 3 4 :39:12 10 13 4
6 9 9 7 2 :66:18 1 20 12 15
3 5 3 9 3 :45:7 1 3 14 20
8 2 6 3 3 9 10 10 10 3 :99:3 15 8 20 10 5 7 9 19 3
3 6 9 7 5 7 9 8 6 7 :89:2 20 4 5 7 8 12 4 17 10
6 3 1 6 4 2 :49:9 12 9 1 9 9
2 6 1 :30:8 19 3
3 3 2 9 :50:11 19 19 1
7 2 8 4 10 :59:17 3 18 4 17
6 10 3 1 :35:10 19 5 1
1 7 6 4 2 3 10 5 3 :76:5 1 20 20 4 5 7 4 10
10 8 7 :48:16 18 14
2 8 5 4 8 2 1 1 5 10 :103:16 9 7 9 6 18 6 7 10 15
9 1 4 :26:10 12 4
7 4 8 9 10 9 3 4 10 :94:2 15 3 17 20 1 3 19 14
6 5 10 3 4 9 :93:17 19 3 19 18 17
8 8 10 :32:4 12 16
8 2 10 4 4 3 10 6 3 5 :117:11 3 17 18 17 14 1 15 1 20
8 3 7 3 4 7 6 3 4 9 :113:11 5 14 18 14 1 18 3 19 10
9 10 10 8 8 9 5 6 :105:5 2 19 14 12 17 17 19
8 2 8 10 3 10 7 :78:20 11 3 11 1 13 19
6 2 5 10 10 4 7 8 7 :83:13 3 19 11 3 13 7 3 11
6 4 4 2 7 10 7 1 7 :110:18 19 11 14 12 20 3 8 5
4 3 6 2 :57:16 11 20 10
8 9 8 8 :49:17 16 14 2
4 2 4 7 5 4 10 10 10 :118:14 9 16 5 19 2 20 16 17
7 1 6 8 :44:12 1 20 11
10 3 7 9 2 8 :40:10 6 9 8 6 1
8 4 4 10 5 4 10 2 :78:12 6 17 15 3 8 10 7
6 3 8 1 2 6 3 6 2 :113:19 19 11 8 12 18 5 17 4
8 9 3 8 10 6 2 :59:8 20 5 8 10 3 5
4 7 8 8 2 8 8 :48:15 1 1 3 11 9 8
4 6 8 4 7 2 3 4 6 :102:16 13 3 14 11 17 1 11 16
6 9 3 3 :38:5 9 16 8
7 9 7 6 2 3 2 :85:20 2 16 18 10 7 12
10 7 7 4 10 7 2 :85:16 9 19 4 12 19 6
8 6 2 2 :30:9 5 6 10
10 10 10 :30:9 1 20
1 4 5 5 3 5 7 6 :86:2 10 15 12 14 20 10 3
7 2 4 3 :45:15 5 8 17
10 6 5 6 2 7 10 4 :98:13 9 2 19 15 15 7 18
7 3 8 3 6 :52:1 13 17 17 4
9 8 4 8 9 :54:13 13 6 2 20
8 3 4 4 6 5 7 :71:19 6 1 1 19 7 18
7 9 9 2 3 2 2 6 8 2 :72:1 8 7 4 15 12 12 8 4 1
9 1 2 4 3 2 :73:12 7 19 18 5 12
4 2 3 8 3 4 5 9 6 :116:2 6 11 15 11 20 17 15 19
10 9 1 10 :44:14 18 10 2
6 4 8 9 6 1 :71:8 19 11 16 2 15
1 1 4 5 4 1 :68:5 11 11 17 14 10
3 5 8 6 7 9 :55:12 4 15 6 17 1
7 3 8 :30:11 3 16
10 3 1 3 1 :55:6 2 20 11 16
9 5 10 9 5 8 4 6 5 :66:7 4 4 10 15 8 2 3 13
9 2 4 7 9 2 7 5 4 9 :105:4 17 5 5 17 7 14 4 15 17
3 7 7 6 6 6 8 6 9 :104:13 2 15 14 15 14 8 3 20
9 7 2 6 6 6 1 :96:20 20 1 20 17 5 13
9 10 7 6 1 :60:13 13 14 2 18
6 5 8 :20:6 10 4
9 6 9 2 5 10 4 :53:15 11 14 2 2 6 3
6 4 4 4 9 3 1 7 :97:20 7 12 16 1 9 13 19
8 3 4 10 6 6 1 1 :80:9 9 19 8 5 13 12 5
4 1 8 7 6 :68:18 4 13 13 20
9 5 6 :21:7 13 1
6 10 3 3 9 1 10 9 6 :97:10 11 7 19 6 6 7 15 16
10 7 2 7 8 2 2 7 :87:7 13 11 14 5 13 14 10
10 6 3 10 6 3 10 7 4 :90:9 3 8 13 13 10 4 10 20
8 10 8 8 :32:6 5 3 18
4 2 10 2 5 2 9 2 :59:13 5 9 1 4 5 19 3
1 8 3 1 2 :43:1 8 16 4 14
1 3 8 8 1 :44:3 17 7 9 8
3 7 6 2 6 5 10 :58:10 5 2 10 16 14 1
6 8 10 7 6 9 9 :78:17 16 11 4 20 2 8
1 7 3 2 6 4 10 10 :94:10 16 19 13 9 20 6 1
6 3 6 2 8 10 :61:17 7 1 10 14 12
9 5 3 7 9 10 10 8 5 4 :99:6 20 9 11 2 2 17 5 8 19
5 9 10 5 2 7 5 1 :78:9 15 11 6 8 12 16 1
1 5 5 9 6 10 2 8 :77:15 7 18 9 7 7 4 10
4 3 4 6 8 :50:16 19 1 9 5
6 9 8 5 3 7 8 4 8 8 :116:20 1 12 18 20 20 9 7 6 3
5 10 7 5 2 10 5 :63:7 2 16 16 6 12 4
3 6 1 2 9 7 2 1 10 :99:6 5 10 5 19 7 12 20 15
6 5 10 2 3 7 2 1 :94:16 15 20 6 4 1 18 14
1 9 8 5 :47:11 13 20 3
5 1 10 10 1 :49:4 2 15 12 16
8 10 10 6 8 9 7 :57:1 12 17 14 4 8 1
5 3 9 :41:12 12 17
9 2 8 8 9 3 :56:12 4 2 13 6 19
9 10 6 2 7 10 9 :77:3 2 16 13 12 12 19
7 8 6 8 8 6 4 :42:4 9 19 2 2 5 1
3 1 7 10 :19:2 5 2 10
3 5 8 3 6 7 7 6 9 7 :103:2 16 13 12 18 4 19 2 9 8
7 10 7 2 3 6 :41:1 2 10 1 20 7
8 8 5 7 9 5 8 8 8 6 :107:10 13 12 9 3 15 18 9 10 8
6 2 9 3 3 1 2 :66:9 13 17 4 5 9 9
9 4 7 5 1 :24:3 5 3 3 10
8 8 6 2 :35:6 16 6 7
5 7 4 5 2 5 :63:7 8 6 20 3 19
8 8 7 :38:9 20 9
3 9 3 3 10 5 2 10 3 :91:14 19 2 12 10 7 14 8 5
4 1 6 7 6 :80:15 17 20 18 10
4 6 6 5 :54:18 12 12 12
8 4 10 3 5 7 7 :50:1 6 3 6 14 19 1
5 4 9 5 2 6 10 5 :76:17 8 4 10 9 2 17 9
8 8 5 7 2 3 1 9 9 :94:5 12 19 12 8 6 17 14 1
4 1 9 6 1 6 7 3 8 10 :110:3 10 17 7 5 13 4 17 18 16
1 2 1 7 10 7 7 :58:2 3 5 12 14 14 8
5 6 9 8 1 6 10 7 :103:6 19 7 20 17 2 15 17
2 10 2 10 2 5 5 7 :102:2 19 15 17 18 9 16 6
2 8 2 :44:9 20 15
9 10 7 2 7 7 3 8 :64:14 7 11 6 5 8 11 2
2 8 5 4 7 10 8 5 2 8 :128:6 17 18 4 20 14 13 18 2 16
6 9 10 4 2 8 4 7 :53:8 6 11 6 2 8 1 11
5 2 5 2 :38:16 10 3 9
5 1 5 9 9 4 1 :65:12 10 7 18 13 4 1
10 3 5 9 10 6 :35:2 1 7 3 18 4
7 1 7 4 1 9 7 :87:13 1 8 15 18 17 15
7 10 10 :30:10 10 10
8 4 1 10 10 5 3 9 5 :113:12 13 6 8 15 16 14 17 12
3 9 3 7 5 4 5 1 10 6 :113:11 5 3 11 14 13 19 9 20 8
8 1 7 3 8 4 1 9 1 :97:4 4 4 16 16 12 18 19 4
10 2 6 2 6 8 6 8 3 :96:11 14 3 15 3 12 2 20 16
5 6 9 10 :46:11 19 8 8
1 9 1 7 1 6 8 3 :86:5 10 2 2 16 16 16 19
5 3 1 10 9 8 9 2 10 :117:12 11 15 1 15 19 19 10 15
6 1 5 9 10 2 1 8 5 :81:2 5 12 8 11 6 12 9 16
9 7 3 9 9 2 :53:9 7 15 11 1 10
3 8 1 10 7 9 2 4 2 7 :99:7 8 7 2 18 1 10 18 16 12
6 8 9 3 :27:6 4 4 13
10 6 9 4 6 4 :64:3 19 1 12 16 13
1 8 5 6 :47:17 9 16 5
5 2 5 :37:16 7 14
9 2 5 4 :39:7 18 5 9
8 8 9 5 5 :62:13 18 6 12 13
6 7 8 9 1 2 4 10 5 :93:5 14 1 19 15 14 3 20 2
10 6 7 10 3 6 1 :82:12 15 10 17 11 11 6
10 4 9 6 :21:3 5 12 1
6 1 3 :28:14 7 7
5 5 1 3 8 4 2 5 9 3 :117:20 20 1 17 15 20 6 6 11 1
3 2 4 4 4 4 10 3 9 :76:8 7 1 6 12 14 7 2 19
8 7 5 3 1 1 9 3 5 :95:2 17 10 10 7 13 16 15 5
9 9 7 5 1 7 10 9 6 :88:1 1 14 18 19 15 5 5 10
8 6 1 4 8 3 8 4 10 :95:15 1 13 13 7 12 10 16 8
4 1 10 5 :54:20 15 13 6
6 1 1 9 9 4 9 1 :90:18 14 18 2 15 8 1 14
2 10 8 5 6 9 9 1 10 1 :104:12 9 4 11 11 5 10 9 15 18
7 9 2 10 5 :75:19 17 17 16 6
2 6 3 10 5 1 9 7 :80:10 12 1 9 17 6 6 19
2 10 1 10 4 2 :68:17 12 6 12 19 2
10 4 9 :41:15 12 14
4 2 3 :23:14 1 8
4 2 4 3 :45:15 7 7 16
10 6 3 5 10 4 8 1 :59:3 3 2 16 8 7 13 7
7 5 2 4 :45:3 20 5 17
1 8 8 7 7 :60:20 1 20 2 17
8 4 5 3 5 7 8 7 10 :102:11 8 11 20 9 12 11 13 7
7 6 2 8 10 3 6 8 :91:3 20 15 7 13 4 18 11
9 8 1 7 8 7 6 :66:20 1 12 14 13 5 1
9 2 3 10 4 7 4 6 2 2 :141:17 9 16 8 19 13 19 5 15 20
6 10 7 :33:7 18 8
8 2 4 10 1 :35:9 16 1 8 1
4 4 8 8 9 8 8 :43:14 1 3 1 10 12 2
2 2 6 7 9 :48:4 11 3 14 16
3 7 2 9 2 10 1 :53:14 7 14 5 1 6 6
9 7 10 4 10 10 4 :64:16 11 4 2 9 18 4
10 8 5 1 :63:3 20 20 20
2 2 6 7 6 3 5 8 :86:8 16 6 4 14 7 19 12